   0.0000000e+00   0.0000000e+00   0.0000000e+00   0.0000000e+00   0.0000000e+00   0.0000000e+00
   2.4728922e-04  -2.1116171e-02   6.7585499e-03   4.2362411e-04  -1.2273421e-04  -3.4756715e-04
   2.3442289e-02  -7.9564209e-03   3.4731960e-02   2.6277254e-04  -3.5348602e-04  -1.8202964e-05
   2.6918628e-02   9.3444331e-03   5.4336980e-02   6.7168679e-05  -5.6178359e-04  -3.8138460e-04
   2.2653293e-02   2.6342781e-03   4.8111059e-02   6.6927523e-04  -1.3145469e-04  -3.7437705e-04
   1.8377232e-02  -4.6886149e-03   5.4707526e-03   6.5206694e-04  -1.4023441e-04  -7.0403515e-05
   2.7652915e-02  -1.4368509e-02   4.6764150e-02   1.5817053e-04  -2.5192175e-04  -6.9271369e-04
   3.6114576e-02  -3.4347666e-02   5.6675020e-02  -1.0590518e-04  -5.0895160e-04  -6.0799224e-04
   6.4062590e-02  -2.9583871e-02   5.4202640e-02  -1.8010751e-04  -8.9116607e-04  -1.8624861e-04
   4.0562634e-02  -1.3763363e-02   2.0160201e-02   7.2122762e-05  -8.6722006e-04  -2.3053928e-04
   5.4959503e-02  -1.0684780e-02   5.9248084e-02  -6.8012792e-04  -1.0869025e-03  -5.2605788e-04
   9.0154269e-02  -3.7802156e-02   8.1299552e-02  -1.1634858e-03  -1.6156086e-03   4.7687904e-06
   7.2988473e-02  -2.6170066e-02   7.0034126e-02  -1.0882785e-03  -1.2392427e-03  -1.2001761e-04
   7.0808332e-02   2.4280739e-02   1.5899060e-02  -1.1231190e-03  -1.3415965e-03  -6.2816492e-04
   9.2578140e-02   2.6990256e-02   2.9022600e-02  -8.8626711e-04  -1.5714615e-03  -5.3711992e-04
   9.8293350e-02  -3.7792804e-02   6.8088188e-02   1.8588010e-04  -1.6131713e-03  -3.1869448e-04
   8.7295472e-02  -8.2784162e-02   5.5533506e-02   8.2252847e-04  -1.3580045e-03  -2.5085901e-04
   8.7784844e-02  -7.2738885e-02   6.9839719e-02  -2.4699894e-04  -1.4728458e-03  -2.1001645e-04
   1.0272452e-01  -7.0137829e-02   7.4247667e-02  -1.1594501e-03  -1.8943388e-03  -4.7606130e-05
   1.0961160e-01  -6.7946863e-02   7.5822513e-02  -1.0444645e-03  -2.5553483e-03  -3.8011569e-04
   9.7874483e-02  -6.4301637e-02   1.2141723e-01  -1.0474308e-03  -2.2403203e-03  -3.0293614e-04
   1.0595364e-01  -1.2269547e-01   1.0198808e-01  -3.3851183e-04  -2.1117076e-03  -3.3810384e-04
   8.2452051e-02  -1.5328702e-01   1.4530148e-01  -6.8276987e-06  -1.4826500e-03  -6.9081310e-04
   6.0305864e-02  -1.8158156e-01   1.0937223e-01  -5.7200605e-05  -1.4696780e-03  -4.6970177e-04
   3.2445883e-02  -1.6465709e-01   1.2724266e-01  -7.4817206e-05  -1.2484548e-03  -2.7208513e-04
  -6.4628472e-03  -1.6872931e-01   1.0499005e-01   2.5656393e-04  -6.4541546e-04  -4.5490366e-04
   1.4821630e-02  -1.7810121e-01   1.7436295e-02   1.3600209e-03  -8.9949749e-04  -3.4264742e-04
  -2.4683434e-03  -2.5331308e-01   4.7654921e-02   2.8750916e-03  -4.1269067e-04  -5.1220795e-04
   2.3224905e-02  -2.2272923e-01   7.3665433e-02   1.5534496e-03  -2.8417284e-04  -2.4267304e-04
   3.6678120e-02  -2.3810680e-01   6.1860918e-02   1.0427144e-03  -5.7625946e-04   1.2684553e-06
   2.1980663e-02  -2.1205744e-01   7.0912870e-02   2.8714415e-04  -5.9037417e-04   5.8559478e-05
   4.5754655e-02  -1.7314604e-01   7.4039349e-02   2.1905749e-04  -7.5276419e-04  -2.9502082e-05
   3.1704517e-02  -1.9568852e-01   7.2595887e-02   5.8702527e-04  -5.9460371e-04   1.9562025e-04
   3.0293532e-02  -2.0444534e-01   6.5509686e-02   5.9241464e-05  -4.1362571e-04  -2.6762784e-04
   3.1083660e-02  -1.5414217e-01   8.4372310e-02  -1.5434789e-03  -1.0468807e-03   1.0033053e-03
   7.0235136e-02  -1.9878423e-01   1.1097535e-01  -5.0243857e-04  -8.6539315e-04   1.1808253e-03
   3.5788336e-02  -2.2717223e-01   8.6232788e-02   6.7510710e-04   1.7089379e-04   1.0396751e-03
   4.4866261e-02  -1.7387326e-01   5.8136759e-02  -6.4128169e-05  -3.4785861e-06   7.8417501e-04
   3.6008932e-02  -2.1280629e-01   5.8956802e-02   5.7031415e-04   5.6496491e-04   7.9932084e-04
   1.3213148e-02  -2.0444838e-01   4.1454001e-02  -3.3301269e-04   8.9206659e-04   1.2903818e-03
   7.1011154e-03  -1.8166249e-01   4.1164244e-02  -4.7138734e-04   1.0371929e-03   1.0709709e-03
  -9.9432090e-03  -1.4116403e-01   8.8209331e-02  -3.6594091e-04   1.8771362e-03   9.4965755e-04
  -1.3054937e-02  -1.6042880e-01   1.0589207e-01  -8.9817983e-04   1.9521533e-03   1.2789477e-03
  -9.7903518e-03  -3.0343468e-01   1.3314615e-01   1.1278290e-04   1.8802332e-03   1.2209286e-03
  -9.1822412e-03  -2.0491526e-01   6.2815385e-02  -1.0410778e-03   1.3418545e-03   1.4024419e-03
   2.3889761e-03  -2.2352587e-01   6.5612872e-02  -1.7092456e-03   1.3196032e-03   2.1578799e-03
   5.6894944e-02  -2.0711459e-01   4.6128011e-02  -2.2478159e-03   9.8457670e-04   3.0037724e-03
   6.3649824e-02  -2.6909844e-01   2.8191403e-02  -2.0091429e-03   2.7719870e-03   3.9774493e-03
   2.6751800e-02  -2.8787367e-01   1.0241185e-02  -1.7582920e-03   4.0355944e-03   3.3900724e-03
   5.6623282e-02  -2.4248204e-01   6.6140068e-02  -1.0026300e-03   3.7427516e-03   3.3086250e-03
   3.1359861e-02  -2.7118304e-01   2.4829211e-02  -4.6842730e-04   2.9622694e-03   3.3610648e-03
   3.5735020e-02  -2.8460587e-01   9.5384511e-02  -8.5148014e-04   2.9413515e-03   3.4105338e-03
   7.8652059e-03  -2.4705808e-01   6.5293664e-02  -1.1864836e-03   3.0453932e-03   3.1832224e-03
  -8.2120433e-03  -2.6380404e-01   4.8695862e-02  -8.9265319e-04   3.5412996e-03   3.2300760e-03
  -1.4537023e-02  -2.5038526e-01   6.8675273e-02  -9.0291587e-04   3.5736782e-03   3.1323782e-03
  -5.7680487e-02  -1.6517889e-01   1.4317271e-01  -2.0474475e-03   4.1520906e-03   2.4081380e-03
  -1.0117719e-01  -2.5871030e-01   1.4822722e-01  -9.5427751e-04   5.0892421e-03   2.2108220e-03
  -9.0916451e-02  -1.8827238e-01   1.1360654e-01  -2.1051268e-03   5.1123433e-03   3.1259986e-03
  -7.9073784e-02  -1.9654964e-01   1.6417415e-01  -2.0019759e-03   5.2981966e-03   3.1462336e-03
  -7.9404928e-02  -2.3591063e-01   1.1244697e-01  -1.6440219e-03   5.8455014e-03   4.1304232e-03
  -4.2470516e-02  -2.3294837e-01   5.2682960e-02  -1.1155578e-03   6.1959179e-03   4.3104570e-03
  -6.6398044e-02  -1.8545190e-01   5.1046830e-03  -1.1198553e-03   6.3491047e-03   3.1993157e-03
  -6.0648914e-02  -2.8077021e-01   3.1961978e-03  -3.7978209e-04   6.1248616e-03   3.4368663e-03
  -4.3963724e-02  -3.0331018e-01   1.1608807e-02  -5.1839564e-04   6.3402285e-03   4.3771133e-03
  -6.1787383e-02  -3.0639263e-01   2.2660227e-02  -1.6585569e-04   6.5612353e-03   4.5477634e-03
  -3.3081652e-02  -3.0026629e-01   1.4391044e-02  -1.7625831e-04   6.7685010e-03   4.4318799e-03
  -4.6558044e-02  -2.8908936e-01  -2.8236276e-02  -3.3726981e-04   6.6833302e-03   4.5241705e-03
  -6.4627008e-02  -2.9038098e-01  -3.2248033e-02  -4.5541353e-04   6.5984217e-03   3.8535433e-03
  -5.6181419e-02  -3.5409510e-01  -2.7526439e-02  -7.8038187e-04   6.4326895e-03   3.6609537e-03
  -4.1961043e-02  -2.0268038e-01  -4.2918567e-02  -2.1395036e-03   6.1275009e-03   3.9353742e-03
  -6.3212864e-02  -2.2176022e-01   1.0519031e-02  -1.9912297e-03   5.7323907e-03   4.1100121e-03
  -6.4454389e-02  -2.5860008e-01   3.1198741e-02  -1.1600702e-03   5.8365501e-03   4.1560170e-03
  -7.3368506e-02  -2.5616985e-01  -2.4828096e-02  -4.6355255e-04   5.6636983e-03   3.6040042e-03
  -1.0887328e-01  -3.2621301e-01  -1.9104349e-03   2.6188944e-05   6.2429251e-03   3.0530407e-03
  -7.6867883e-02  -3.2206622e-01   2.2472386e-02  -2.2761375e-04   6.3816955e-03   3.5098898e-03
  -7.2095746e-02  -2.9998715e-01   1.0294535e-02  -5.3780752e-04   6.1402429e-03   3.2383706e-03
  -9.1229676e-02  -3.0687022e-01   3.9372128e-02  -3.1890914e-04   5.9485006e-03   3.6024914e-03
  -1.0337443e-01  -2.4801789e-01   8.4881720e-02  -1.2353607e-03   5.4860980e-03   3.0192956e-03
  -1.2129434e-01  -2.8360898e-01   7.0520702e-02  -4.7480850e-04   5.8316262e-03   2.8179410e-03
  -1.4395526e-01  -2.8193999e-01   6.9610809e-02  -1.1515945e-03   6.2210326e-03   3.1397270e-03
  -1.3511501e-01  -2.8235565e-01   5.8890645e-02  -1.1705371e-03   6.1616094e-03   3.3229419e-03
  -1.4168443e-01  -3.0271975e-01   9.3223685e-02  -9.6448749e-04   6.2409881e-03   2.9131072e-03
  -1.2596465e-01  -2.7332994e-01   1.2112512e-01  -8.9494537e-04   6.0288889e-03   2.8237625e-03
  -1.0981291e-01  -1.9155422e-01   9.5691367e-02  -1.5616895e-03   5.4775529e-03   2.3463875e-03
